===== 00:00.0 =====
00:00.0 Host bridge: Advanced Micro Devices, Inc. [AMD] Renoir/Cezanne Root Complex
00: 22 10 30 16 00 00 00 00 00 00 00 06 00 00 80 00
10: 00 00 00 00 00 00 00 00 00 00 00 00 00 00 00 00
20: 00 00 00 00 00 00 00 00 00 00 00 00 3c 10 d2 88
30: 00 00 00 00 00 00 00 00 00 00 00 00 00 00 00 00

===== 00:14.0 =====
00:14.0 SMBus: Advanced Micro Devices, Inc. [AMD] FCH SMBus Controller (rev 51)
00: 22 10 0b 79 03 04 20 02 51 00 05 0c 00 00 80 00
10: 00 00 00 00 00 00 00 00 00 00 00 00 00 00 00 00
20: 00 00 00 00 00 00 00 00 00 00 00 00 22 10 0b 79
30: 00 00 00 00 00 00 00 00 00 00 00 00 00 00 00 00

===== 00:14.3 =====
00:14.3 ISA bridge: Advanced Micro Devices, Inc. [AMD] FCH LPC Bridge (rev 51)
00: 22 10 0e 79 0f 00 20 02 51 00 01 06 00 00 80 00
10: 00 00 00 00 00 00 00 00 00 00 00 00 00 00 00 00
20: 00 00 00 00 00 00 00 00 00 00 00 00 22 10 0e 79
30: 00 00 00 00 00 00 00 00 00 00 00 00 00 00 00 00

===== 00:18.0 =====
00:18.0 Host bridge: Advanced Micro Devices, Inc. [AMD] Cezanne Data Fabric; Function 0
00: 22 10 6a 16 00 00 00 00 00 00 00 06 00 00 80 00
10: 00 00 00 00 00 00 00 00 00 00 00 00 00 00 00 00
20: 00 00 00 00 00 00 00 00 00 00 00 00 00 00 00 00
30: 00 00 00 00 00 00 00 00 00 00 00 00 00 00 00 00

===== 07:00.2 =====
07:00.2 Encryption controller: Advanced Micro Devices, Inc. [AMD] Raven/Raven2/FireFlight/Renoir/Cezanne Platform Security Processor
00: 22 10 df 15 06 04 10 08 00 00 80 10 10 00 80 00
10: 00 00 00 00 00 00 00 00 00 00 40 fc 00 00 00 00
20: 00 00 00 00 00 80 5c fc 00 00 00 00 3c 10 d2 88
30: 00 00 00 00 48 00 00 00 00 00 00 00 ff 03 00 00

